timestep,path
0,86.1116730616545
0,86.11024040386562
0,86.10881858690983
0,86.10740802774227
0,86.10600789245267
0,86.10461818104105
0,86.10323972741764
0,86.10187169767221
0,86.10051450875987
0,86.09916857763575
0,86.0978330703896
0,86.09650840397654
0,86.09519416144147
0,86.0938911766946
0,86.09259944973594
0,86.09131731274502
0,86.09004726745256
0,86.08878722908295
0,86.08753844850155
0,86.08630009179812
0,86.08507299288291
0,86.08385631784569
0,86.08265090059666
0,86.08145590722562
0,86.0802725885979
0,86.07909969384815
0,86.07793722297639
0,86.07678600989284
0,86.07564563764238
0,86.07451610622502
0,86.07339783259586
0,86.07228998284468
0,86.07119339088172
0,86.07010722279674
0,86.06903231249996
0,86.06796824303628
0,86.0669154313608
0,86.06587304356331
0,86.06484191355403
0,86.06382120742272
0,86.06281217603475
0,86.06181356852476
0,86.06082621880296
0,86.05984970991427
0,86.05888404185868
0,86.05792921463616
0,86.05698564520188
0,86.05605249964556
0,86.05513102883258
0,86.05422039885268
0,86.05332019275076
0,86.05243166139218
0,86.05155355391157
0,86.05068712117429
0,86.04983111231499
0,86.0489863612439
0,86.0481524510059
0,86.047329381601
0,86.04651798693943
0,86.04571701615585
0,86.04492688620535
0,86.04414843099818
0,86.0433808166241
0,86.042623626128
0,86.04187811037524
0,86.04114343545555
0,86.0404200183241
0,86.03970744202573
0,86.03900570656046
0,86.03831522888339
0,86.03763559203944
0,86.0369676299388
0,86.03631009171613
0,86.0356638112817
0,86.03502878863546
0,86.0344041898672
0,86.03379126584227
0,86.03318918265043
0,86.03259835724683
0,86.03201837267629
0,86.03144964589399
0,86.03089175994477
0,86.03034513178376
0,86.02980976141096
0,86.02928523187126
0,86.02877196011978
0,86.0282699461565
0,86.02777835607121
0,86.02729844072924
0,86.02682936622037
0,86.02637154949971
0,86.02592499056726
0,86.02548927246791
0,86.02506481215677
0,86.02465119267872
0,86.0242488309889
0,86.02385772708728
0,86.02347788097387
0,86.02310887569355
0,86.02275112820145
0,86.02240463849756
0,86.02206898962677
0,86.02174459854419
0,86.0214310482947
0,86.02112917278855
0,86.0208381381155
0,86.02055794427552
0,86.02028942517889
0,86.02003174691535
0,86.01978532644002
0,86.0195497467978
0,86.01932584189889
0,86.01911277783307
0,86.01891097155548
0,86.01872000611098
0,86.01854071540981
0,86.01837226554174
0,86.01821507346187
0,86.0180687222151
0,86.01793362875655
0,86.01781021004133
0,86.0176976321592
0,86.01759589511016
0,86.01750583280446
0,86.01742661133186
0,86.01735864764746
0,86.01730152479615
0,86.01725607668818
0,86.0172214694133
0,86.01719811992663
0,86.01718644518331
0,86.01718477736283
0,86.01719520124081
0,86.017216882907
0,86.01724898845116
0,86.01729318569377
0,86.01734780681436
0,86.01741368572316
0,86.01749082242017
0,86.0175792169054
0,86.01767886917884
0,86.01778936228538
0,86.01791153013525
0,86.0180445388182
0,86.01818880528938
0,86.01834391259365
0,86.01851069464125
0,86.01868831752194
0,86.01887761514597
0,86.01907775360309
0,86.0192887328933
0,86.01951138692684
0,86.01974488179349
0,86.01999005140345
0,86.02024564489139
0,86.02051291312267
0,86.02079102218704
0,86.02108080599474
0,86.02138143063554
0,86.02169331306456
0,86.02201603632666
0,86.02235001737698
0,86.02269567317063
0,86.02305216979737
0,86.0234195072572
0,86.02379851946037
0,86.02418837249664
0,86.02458948332111
0,86.02500226888893
0,86.0254254783347
0,86.0258599455687
0,86.02630608754603
0,86.02676307035645
0,86.02723131095509
0,86.02771039238681
0,86.02820073160674
0,86.02870232861491
0,86.02921518341127
0,86.02973929599585
0,86.03027424941352
0,86.03082046061941
0,86.03137792961351
0,86.03194623944071
0,86.03252580705612
0,86.03311663245974
0,86.03371871565156
0,86.0343316396765
0,86.03495582148963
0,86.0355916780461
0,86.03623795848056
0,86.03689549670321
0,86.03756429271408
0,86.03824392955805
0,86.03893524114534
0,86.03963739356574
0,86.04035080377434
0,86.04107505481605
0,86.04181056364595
0,86.04255691330896
0,86.0433149377153
0,86.04408380295473
0,86.04486392598237
0,86.04565488984312
0,86.04645711149206
0,86.04727017397411
0,86.04809491119948
0,86.04893048925796
0,86.04977690814952
0,86.0506345848293
0,86.0515035192973
0,86.05238329459837
0,86.05327432768767
0,86.05417620161006
0,86.05508933332068
0,86.05601372281949
0,86.0569489531514
0,86.05789544127153
0,86.05885235326963
0,86.05982135696618
0,86.0608007845407
0,86.06179146990344
0,86.06279299609928
0,86.06380578008333
0,86.06482982185558
0,86.06586470446094
0,86.06691001094426
0,86.06796740912604
0,86.0690352311858
0,86.07011389407863
0,86.0712038147597
0,86.07230499322897
0,86.07341742948645
0,86.07454028962192
0,86.07567440754559
0,86.07681936630236
0,86.07797599980246
0,86.07914305718053
0,86.0803209553917
0,86.08151011139108
0,86.08271010822355
0,86.08392136284425
0,86.08514345829803
0,86.0863763945849
0,86.08762058865999
0,86.08887562356817
0,86.09014149930945
0,86.09141863283894
0,86.09270660720152
0,86.0940054223972
0,86.0953154953811
0,86.09663640919808
0,86.09796774689303
0,86.09931075933133
0,86.1006641956476
0,86.10202847279696
0,86.10340442468964
0,86.10479080046032
0,86.10618801706408
0,86.10759649145605
0,86.109015389726
0,86.11018369796943
0,86.11068946452878
0,86.11120523801098
0,86.11173310319163
0,86.11227139225025
0,86.11282135605221
0,86.11338174373215
0,86.11395338920029
0,86.11453629245665
0,86.1151300365461
0,86.11573503842376
0,86.11635088113452
0,86.1169779816335
0,86.11761633992069
0,86.11826553904096
0,86.11892557899434
0,86.11959687673593
0,86.1202790153106
0,86.12097282862862
0,86.1216770658246
0,86.1223925608088
0,86.12311931358121
0,86.12385690718672
0,86.12460534162533
0,86.12536503385213
0,86.12613598386717
0,86.12691777471528
0,86.1277104063965
0,86.12851429586593
0,86.12932902616845
0,86.1301554312143
0,86.13099184318301
0,86.13183992989505
0,86.13269885744019
0,86.13356904277354
0,86.13444965198487
0,86.13534193593952
0,86.13624506072726
0,86.13715902634812
0,86.13808424975716
0,86.1390198970442
0,86.13996680211943
0,86.1409249649829
0,86.14189396867944
0,86.14287381320909
0,86.14386491552695
0,86.14486727563302
0,86.14588005961707
0,86.1469036844342
0,86.14793856703956
0,86.14898470743312
0,86.15004127170467
0,86.15110951071954
0,86.15218775665726
0,86.15327767733832
0,86.15437843885248
0,86.15549004119973
0,86.15661248438006
0,86.15774618534861
0,86.15889072715026
0,86.1600456928299
0,86.16121233325285
0,86.16238939755378
0,86.16357771964292
0,86.16477688256516
0,86.1659868863205
0,86.16720773090891
0,86.16843983328555
0,86.16968235954016
0,86.17093614358299
0,86.17220035150379
0,86.1734758172128
0,86.17476212375492
0,86.17605927113011
0,86.17736725933841
0,86.17868650533492
0,86.18001659216452
0,86.1813571028721
0,86.1827088713679
0,86.18407106374165
0,86.18544409694852
0,86.18682838794359
0,86.18822351977175
0,86.1896290754779
0,86.19104547201714
0,86.19247312634458
0,86.19391162150512
0,86.19536095749876
0,86.19682071737037
0,86.19829131807508
0,86.19977275961287
0,86.20126504198376
0,86.20276816518775
0,86.20428212922484
0,86.20580693409501
0,86.20734257979828
0,86.20888864937952
0,86.21044597674897
0,86.21201331104129
0,86.21359232007693
0,86.21518133603543
0,86.21678160978215
0,86.21839230740683
0,86.22001384586461
0,86.2216462251555
0,86.22328902832434
0,86.22494308928141
0,86.22660757411644
0,86.22828248282946
0,86.22996823237557
0,86.23166482275477
0,86.23337183701194
0,86.23509010905734
0,86.2368188049807
0,86.23855750782693
0,86.24030788541647
0,86.242068686884
0,86.2438399122295
0,86.24562156145298
0,86.24741405150955
0,86.24921779935433
0,86.25103113716685
0,86.25285573276759
0,86.25469116920141
0,86.2565366125581
0,86.25839289674788
0,86.26025960481563
0,86.26213715371648
0,86.2640251264953
0,86.26592435706233
0,86.26783359455223
0,86.26975283896496
0,86.27168375812104
0,86.27362468419999
0,86.27557603415688
0,86.27753780799178
0,86.27951042265975
0,86.28149346120571
0,86.28348734058476
0,86.28549164384178
0,86.28750595402165
0,86.28953152198974
0,86.29156709688068
0,86.29361309564962
0,86.2956695182965
0,86.29773678177649
0,86.29981446913446
0,86.30190258037041
0,86.3040006985292
0,86.30610965752109
0,86.30822904039096
0,86.31035843018368
0,86.3124986608095
0,86.3146497322684
0,86.31681039369505
0,86.31898231290991
0,86.3211638220925
0,86.32335617210819
0,86.32555852904673
0,86.32777130986327
0,86.32999493151287
0,86.33222897704046
0,86.33447302949091
0,86.33672708886421
0,86.3389919890706
0,86.34126689619985
0,86.34355222720708
0,86.34584798209228
0,86.34815374390034
0,86.35046992958638
0,86.35279653915038
0,86.35513357259236
0,86.3574806129572
0,86.35983807720001
0,86.36220554836568
0,86.36458344340933
0,86.36697176233095
0,86.3693696712203
0,86.37177842094275
0,86.37419717758806
0,86.37662594115622
0,86.37906512860235
0,86.38151473992647
0,86.38397435817343
0,86.38644356638814
0,86.38892403239106
0,86.3914136714066
0,86.39391415125522
0,86.39642422107158
0,86.39894471476593
0,86.40147521538313
0,86.40401572292318
0,86.40656707129632
0,86.40912759268208
0,86.41169853794582
0,86.41427949013243
0,86.416870866197
0,86.41947224918442
0,86.42208322213958
0,86.42470461897273
0,86.42733602272872
0,86.42997743340757
0,86.43262843405415
0,86.43528985857871
0,86.43796129002614
0,86.44064272839641
0,86.44333417368954
0,86.4460352089504
0,86.44874666808926
0,86.45146813415094
0,86.45419919018038
0,86.45694025313267
0,86.45969132300782
0,86.46245239980583
0,86.46522348352669
0,86.46800374026016
0,86.47079483782673
0,86.47359510840592
0,86.47640580286308
0,86.47922608728798
0,86.48205637863573
0,86.48489584299611
0,86.48774573123445
0,86.49060562639566
0,86.4934751115246
0,86.4963546035764
0,86.49924368559594
0,86.50214235758321
0,86.50505103649334
0,86.5079693053712
0,86.5108971642168
0,86.51383544694039
0,86.5167833196317
0,86.51974036533562
0,86.52270741796242
0,86.52568406055694
0,86.52867112702944
0,86.53166694955944
0,86.5346727790123
0,86.537688615388
