PREFIX=Sector1
46.2775210,-123.9712207
45.8541501,-123.956015
45.3632320,-123.8343704
44.9436304,-124.0168375
44.7489191,-124.0624543
44.3902273,-124.1080711
44.0622113,-124.1384823
43.6882352,-124.1384823
43.4560695,-124.2601270

PREFIX=Sector2
46.7394560,-124.0472487
47.0417541,-124.1080711
47.3320020,-124.2753326
47.6925673,-124.4425942
47.9281538,-124.4425942

PREFIX=Sector3
47.7951283,-119.9265323
47.3630052,-119.8352987
46.5299753,-120.2306442
46.3091421,-119.9873547

PREFIX=Sector4
45.6838865,-120.2154386
45.6412389,-121.0213352
45.2022149,-121.0517464

PREFIX=Sector5
44.4229277,-121.1581855
43.9854095,-121.2950359
43.7213282,-120.3066722
43.3562940,-121.0973632
